
;;;      0  1  2  3  4  5  6  7     8  9  A  B  C  D  E  F
0000    01 24 07 01 02 00 07 0B     01 4A 17 02 02 00 02 01     ;
0010    00 03 18 01 01 03 08 00     22 11 01 60 14 01 0A 17     ;
0020    01 60 1B 01 4C 1C 01 00     1E 01 05 24 0B 01 00 00     ;
0030    00 00 00 00 07 00 01 00     27 01 0F 04 02 00 0F 02     ;
0040    0A 09 09 4D 43 48 50 20     42 4D 38 0C 01 15 0B 01     ;
0050    00 03 0B 01 01 0D 02 00     09 09 01 00 01 04 3F 00     ;
0060    09 86 0E 01 00 C0 01 BE     00 00 00 1F 00 47 EB 1F     ;
0070    00 01 00 00 00 01 00 00     10 10 00 60 00 00 00 1F     ;
0080    00 23 EB 1F 00 01 00 00     00 01 00 00 10 10 00 60     ;
0090    00 00 00 1F 00 0B EB 1F     00 01 00 00 00 01 00 00     ;
00A0    10 10 00 60 00 00 00 1F     00 0B EB 1F 00 01 00 00     ;
00B0    00 01 00 00 10 10 00 60     00 00 00 1F 00 05 EB 1F     ;
00C0    00 01 00 00 00 01 00 00     10 10 00 60 00 00 00 1F     ;

;;;      0  1  2  3  4  5  6  7     8  9  A  B  C  D  E  F
00D0    00 05 EB 1F 00 01 00 00     00 01 00 00 10 10 00 60     ;
00E0    12 03 E9 06 40 12 03 E9     06 40 11 03 F4 1E 40 12     ;
00F0    03 E9 06 40 11 03 F4 1E     40 12 03 E9 06 40 00 00     ;
0100    00 1F 00 0B EB 1F 00 01     00 00 00 01 00 00 10 10     ;
0110    00 60 00 00 00 1F 00 0B     EB 1F 00 01 00 00 00 01     ;
0120    00 00 10 10 00 60     ;


