
;;;      0  1  2  3  4  5  6  7     8  9  A  B  C  D  E  F
0000    02 37 09 01 05 00 12 01     03 18 04 24 05 01 0A 0B     ;
0010    01 4A 0C 01 D5 17 02 01     00 02 02 00 0D 0B 08 41     ;
0020    4C 4D 20 4A 37 38 39 14     01 7C 03 0B 00 2B 04 01     ;
0030    0A 0B 01 9F 0F 01 A0 11     01 60 14 01 0A 17 01 60     ;
0040    1B 01 4C 1C 01 00 20 01     05 24 0B 06 00 00 00 00     ;
0050    00 00 07 00 00 00 28 01     00 04 03 00 21 01 0D 0C     ;
0060    09 41 4C 4D 20 4A 37 38     39 2D 4C 45 02 0D 0C 09     ;
0070    41 4C 4D 20 4A 37 38 39     2D 4C 45 0C 01 81 07 02     ;
0080    00 85 08 01 C1 0B 80 C4     C3 C2 02 01 1C 00 1B 1A     ;
0090    00 00 C5 C5 C6 C6 C7 C7     C8 C8 0C 0C 00 C9 CA CA     ;
00A0    00 00 00 00 06 01 00 00     00 00 00 00 00 00 00 00     ;
00B0    00 00 00 00 00 00 00 00     00 00 00 00 C0 00 00 00     ;
00C0    00 00 00 00 00 00 00 00     00 00 00 00 00 00 00 00     ;
00D0    00 00 00 00 00 00 00 00     00 00 00 00 00 00 00 00     ;
00E0    00 00 00 00 00 00 00 00     00 00 00 00 00 00 00 00     ;
00F0    00 00 00 00 00 00 00 00     00 00 00 00 00 00 00 00     ;
0100    00 00 00 00 00 00 00 0A     01 00 03 0A 01 00 0C 01     ;
0110    00 56 04 54 36 B0 F0 87     8A 53 02 00 35 A3 24 38     ;
0120    8B 5E 7F 6B 36 57 01 F5     89 B9 36 73 3A 61 D4 DE     ;
0130    85 AE F1 60 00 00 00 00     00 00 00 00 00 00 00 00     ;
0140    00 00 00 00 00 00 00 00     00 00 00 00 00 00 00 00     ;
0150    00 00 00 00 00 00 00 00     00 00 00 00 00 00 00 00     ;
0160    00 00 00 00 41 99 33 3B     0D 02 00 09 09 01 00 01     ;
0170    04 3F 00 09 86 0E 01 00     C0 01 BE 00 00 00 1F 00     ;
0180    5F EB 1F 00 01 00 00 00     01 00 00 10 10 00 60 00     ;
0190    00 00 1F 00 2F EB 1F 00     01 00 00 00 01 00 00 10     ;
01A0    10 00 60 00 00 00 1F 00     0F EB 1F 00 01 00 00 00     ;
01B0    01 00 00 10 10 00 60 00     00 00 1F 00 0F EB 1F 00     ;
01C0    01 00 00 00 01 00 00 10     10 00 60 00 00 00 1F 00     ;
01D0    07 EB 1F 00 01 00 00 00     01 00 00 10 10 00 60 00     ;
01E0    00 00 1F 00 07 EB 1F 00     01 00 00 00 01 00 00 10     ;
01F0    10 00 60 12 03 E9 06 78     12 03 E9 06 78 11 03 F4     ;

;;;      0  1  2  3  4  5  6  7     8  9  A  B  C  D  E  F
0200    1E 78 12 03 E9 06 78 11     03 F4 1E 78 12 03 E9 06     ;
0210    78 00 00 00 1F 00 0F EB     1F 00 01 00 00 00 01 00     ;
0220    00 10 10 00 60 00 00 00     1F 00 0F EB 1F 00 01 00     ;
0230    00 00 01 00 00 10 10 00     60         ;


